4294967278,39
4294967278,38
4294967278,37
4294967278,36
4294967278,35
4294967278,34
4294967278,169
4294967278,54
4294967278,52
4294967278,51
4294967278,50
4294967278,49
4294967278,396
4294967278,46
4294967278,45
4294967278,44
4294967278,361
4294967278,43
4294967278,412
4294967278,42
4294967278,380
4294967278,41
4294967278,40
4294967278,406
4294967279,465
4294967278,55
4294967278,298
4294967294,387
4294967279,389
4294967278,53
4294967278,378
4294967279,482
4294967278,164
4294967279,165
4294967278,163
4294967279,164
4294967278,160
4294967278,162
229,5
4294967279,163
229,4
4294967278,161
229,3
229,2
229,1
4294967278,48
4294967279,162
4294967278,47
218,3
205,3
4294967294,961
4294967294,420
4294967294,97
4294967294,104
4294967294,106
4294967294,166
4294967294,24
4294967294,189
4294967294,184
4294967294,398
4294967294,185
4294967279,473
4294967279,481
4294967279,158
4294967279,386
4294967279,397
4294967279,154
4294967279,385
4294967279,153
4294967279,152
4294967279,306
4294967279,151
4294967279,149
228,6
228,5
4294967279,148
228,4
228,2
228,1
4294967279,147
4294967279,146
4294967294,89
4294967294,1023
4294967294,163
4294967294,970
4294967294,1
4294967279,144
4294967279,300
4294967279,471
4294967278,57
4294967278,56
4294967279,298
4294967279,141
4294967279,452
4294967279,431
4294967278,59
4294967278,58
4294967279,276
4294967279,137
4294967278,60
4294967279,290
4294967279,275
4294967278,61
4294967279,134
4294967279,289
4294967279,273
4294967279,411
4294967279,288
4294967279,270
4294967279,292
4294967279,287
4294967279,464
4294967279,430
4294967279,266
4294967279,87
4294967279,85
4294967279,460
4294967279,264
4294967279,463
4294967279,262
4294967279,82
4294967279,136
4294967279,81
4294967279,80
4294967279,281
4294967279,279
4294967279,278
4294967278,352
4294967279,78
4294967278,256
4294967278,323
4294967278,398
4294967279,76
4294967279,75
4294967278,255
4294967279,74
4294967278,319
4294967278,318
4294967278,317
4294967279,72
4294967279,71
4294967278,316
4294967278,251
4294967278,249
4294967278,248
4294967278,250
4294967279,69
37,5
4294967278,246
4294967278,244
4294967278,242
4294967279,67
4294967279,66
4294967279,64
4294967278,240
4294967278,315
4294967278,407
4294967279,63
4294967279,62
4294967278,235
4294967278,234
4294967278,232
4294967279,61
4294967279,60
4294967278,229
4294967278,228
4294967278,224
4294967278,221
4294967278,219
4294967279,57
4294967279,56
4294967279,55
4294967279,54
4294967279,53
4294967279,51
4294967279,50
4294967279,48
4294967279,46
4294967279,44
4294967279,43
4294967279,40
4294967279,38
4294967279,36
4294967279,35
4294967279,33
4294967279,32
4294967278,217
4294967278,216
4294967278,288
4294967278,213
4294967278,345
4294967279,480
4294967279,410
4294967278,212
4294967278,211
4294967278,394
4294967278,210
4294967278,206
4294967278,208
227,5
227,4
4294967278,207
227,3
227,2
227,1
4294967278,386
4294967278,205
4294967278,204
4294967278,367
4294967278,203
4294967278,342
4294967279,402
4294967294,437
4294967294,392
4294967294,46
4294967294,389
4294967294,1422
4294967294,120
4294967294,114
4294967278,341
4294967278,200
4294967278,311
4294967279,31
4294967279,29
4294967279,28
4294967279,27
4294967279,23
4294967279,22
4294967279,21
4294967279,19
4294967279,18
4294967279,16
4294967279,15
4294967279,14
4294967279,13
4294967279,12
4294967279,11
4294967278,198
4294967279,477
4294967278,338
4294967279,476
4294967278,414
4294967279,196
4294967278,383
4294967278,193
4294967294,38
4294967294,36
4294967279,437
4294967278,192
4294967278,310
4294967278,191
4294967294,1427
4294967278,190
4294967279,191
225,5
4294967278,189
225,4
225,3
225,2
225,1
4294967278,188
4294967294,39
4294967294,41
4294967279,188
4294967278,186
224,4
224,3
224,2
224,1
4294967278,185
0,7
4294967294,1019
4294967279,186
4294967294,82
4294967294,42
4294967278,410
4294967278,335
4294967294,2
4294967294,975
4294967294,186
4294967294,45
4294967294,428
4294967294,44
4294967294,0
4294967294,415
4294967294,53
4294967294,76
4294967294,107
4294967294,91
4294967294,90
4294967294,87
4294967294,86
4294967294,85
4294967294,84
4294967294,83
4294967294,417
4294967294,1022
4294967294,29
4294967294,988
4294967294,28
4294967294,990
4294967294,27
4294967294,1437
4294967294,1423
4294967294,1425
4294967294,40
4294967294,37
195,3
4294967294,96
4294967294,94
4294967278,348
4294967278,0
4294967294,9
4294967278,181
4294967294,8
4294967278,400
4294967279,393
4294967294,93
4294967294,95
4294967279,307
4294967278,381
4294967278,179
4294967294,5
4294967279,392
